0.3483
0.4180
0.7663
1.1610
1.3468
1.5790
1.7183
1.9040
2.2756
2.4613
2.6471
2.8328
3.0186
3.7616
4.1564
4.3189
4.5279
4.6904
4.8994
5.0620
5.2709
5.4567
5.6424
5.8282
6.0140
6.4087
6.7570
7.1517
7.3375
7.7787
7.8948
8.0805
8.2895
8.4521
8.6610
8.8468
9.0326
9.4041
9.7756
10.1471
10.3329
10.7508
10.9134
11.0759
11.2849
11.4707
11.6564
11.8422
12.0279
12.3995
12.6317
12.7710
12.9567
13.1657
13.3283
13.9088
14.0713
14.2803
14.4428
14.6286
14.8376
15.0233
15.4180
15.7663
16.1611
16.3236
16.9041
17.0667
17.2524
17.6472
17.8794
18.0187
18.4134
18.7617
18.9939
19.1565
19.3422
19.7370
19.8995
20.2710
20.4568
20.6658
20.8283
21.0141
21.4088
21.7571
22.1518
22.3376
22.5466
22.7323
22.8949
23.0806
23.2896
23.4986
23.6379
23.8701
24.0327
24.5667
24.7060
24.7757
25.0311
25.3330
26.2618
26.9119
27.0280
27.2138
27.7711
28.2122
28.3283
29.1410
29.3268
30.0234
30.7664
31.1612
31.3469
31.9042
32.2757
32.4615
32.6473
32.8330
33.0188
33.4135
33.7618
34.1566
34.3191
34.5281
34.6906
34.8996
35.0621
35.2711
35.4569
35.6426
35.8284
36.0141
36.4089
36.7572
37.1519
37.3377
37.8950
38.0807
38.2897
38.4522
38.6612
38.8470
39.0327
39.4043
39.7758
40.1473
40.3331
40.7510
40.9136
41.0761
41.2851
41.4708
41.6566
41.8424
42.0746
42.6318
42.7712
42.9569
43.1427
43.3284
43.9089
44.0715
44.2805
44.4430
44.6288
44.8377
45.0235
45.4182
45.6969
45.7665
45.9523
46.1613
46.3238
46.7650
46.9043
47.0668
47.2758
47.6473
47.9028
48.0189
48.4136
48.7619
48.9941
49.1566
49.3424
49.8997
50.2712
50.4570
50.6659
50.8285
51.0142
51.4090
51.7573
52.1520
52.3378
52.5468
52.7557
52.8951
53.0808
53.2898
53.4988
53.6613
53.8703
54.0328
54.5901
54.7062
54.7759
55.0313
55.3332
56.1691
56.2852
57.0282
57.3068
57.7712
58.3285
58.8858
59.1180
59.3270
59.4663
59.6521
59.9075